#!ascii label , from subject templates vox2ras=TkReg
339
508  -13.235  30.897  22.318 0.0000000000
2169  -7.395  30.168  21.340 0.0000000000
4781  -13.367  32.734  24.303 0.0000000000
4783  -13.377  33.526  21.263 0.0000000000
4785  -11.991  32.046  19.816 0.0000000000
4786  -9.105  31.956  19.321 0.0000000000
4787  -11.005  30.007  21.214 0.0000000000
6614  -12.590  31.656  27.148 0.0000000000
9070  -5.966  31.883  18.920 0.0000000000
9071  -5.232  28.867  19.876 0.0000000000
12461  -13.592  31.785  23.290 0.0000000000
12462  -13.472  33.155  22.813 0.0000000000
12463  -13.359  32.222  21.848 0.0000000000
12464  -12.948  32.686  20.417 0.0000000000
12465  -12.770  31.423  21.030 0.0000000000
12466  -11.585  31.010  20.526 0.0000000000
12467  -12.388  30.292  21.671 0.0000000000
14863  -12.907  30.178  27.627 0.0000000000
14864  -13.323  30.813  26.241 0.0000000000
20118  -8.150  31.084  20.337 0.0000000000
20119  -7.316  32.148  19.350 0.0000000000
20120  -6.493  31.178  20.250 0.0000000000
20121  -5.461  30.479  19.470 0.0000000000
20122  -5.979  29.882  20.873 0.0000000000
20129  -5.315  27.041  21.755 0.0000000000
27037  -12.757  33.635  25.244 0.0000000000
27044  -12.398  33.196  19.143 0.0000000000
27045  -11.191  32.742  18.676 0.0000000000
27046  -9.692  32.752  18.515 0.0000000000
27047  -10.715  31.841  19.391 0.0000000000
27048  -10.054  30.900  20.250 0.0000000000
27049  -9.217  29.999  21.186 0.0000000000
30789  -11.238  33.857  27.469 0.0000000000
30790  -10.951  31.505  29.223 0.0000000000
30791  -11.642  32.381  27.943 0.0000000000
30792  -12.255  33.066  26.581 0.0000000000
30793  -13.090  32.262  25.746 0.0000000000
30794  -13.571  31.348  24.796 0.0000000000
37452  -8.083  33.035  18.469 0.0000000000
37453  -6.629  33.023  18.255 0.0000000000
37460  -8.420  29.080  22.154 0.0000000000
37463  -6.662  29.068  22.112 0.0000000000
37464  -5.634  28.461  21.267 0.0000000000
43181  -13.482  31.331  22.760 0.0000000000
43182  -13.510  31.997  22.552 0.0000000000
43183  -13.326  31.551  22.066 0.0000000000
43184  -13.120  31.796  21.401 0.0000000000
43185  -13.031  31.146  21.664 0.0000000000
43186  -12.592  30.864  21.350 0.0000000000
43187  -12.865  30.550  21.960 0.0000000000
50838  -7.757  30.634  20.852 0.0000000000
50839  -7.280  31.208  20.369 0.0000000000
50840  -6.891  30.719  20.873 0.0000000000
50841  -6.203  30.555  20.601 0.0000000000
50842  -6.599  30.209  21.238 0.0000000000
60421  -13.105  33.186  24.776 0.0000000000
60422  -12.966  33.884  24.468 0.0000000000
60423  -13.225  33.393  24.027 0.0000000000
60424  -13.452  33.369  22.018 0.0000000000
60425  -13.405  33.858  22.467 0.0000000000
60431  -12.537  32.318  20.090 0.0000000000
60432  -12.673  32.932  19.759 0.0000000000
60433  -12.186  32.593  19.459 0.0000000000
60434  -11.854  32.911  18.873 0.0000000000
60435  -11.587  32.371  19.217 0.0000000000
60436  -10.920  32.274  18.996 0.0000000000
60437  -11.374  31.882  19.560 0.0000000000
60438  -11.320  30.506  20.880 0.0000000000
60439  -10.890  30.912  20.339 0.0000000000
60440  -10.524  30.424  20.723 0.0000000000
60441  -9.670  30.420  20.693 0.0000000000
60442  -10.154  29.946  21.148 0.0000000000
67620  -10.908  33.426  28.145 0.0000000000
67624  -12.291  31.331  27.838 0.0000000000
67625  -11.811  31.644  28.184 0.0000000000
67626  -12.146  32.027  27.559 0.0000000000
67627  -11.991  32.715  27.280 0.0000000000
67628  -12.426  32.359  26.876 0.0000000000
67629  -12.690  32.679  26.173 0.0000000000
67630  -12.843  31.966  26.458 0.0000000000
67632  -13.494  31.090  25.505 0.0000000000
83393  -9.435  32.384  18.898 0.0000000000
83394  -8.913  32.889  18.467 0.0000000000
83395  -8.656  32.520  18.881 0.0000000000
83396  -6.582  32.106  19.213 0.0000000000
83397  -6.948  32.599  18.815 0.0000000000
83398  -6.302  32.473  18.587 0.0000000000
83399  -6.040  32.755  17.928 0.0000000000
83400  -5.786  32.124  18.183 0.0000000000
83402  -5.521  31.451  18.444 0.0000000000
83403  -5.304  29.653  19.700 0.0000000000
83404  -5.150  29.882  18.962 0.0000000000
83414  -9.363  29.011  22.047 0.0000000000
83422  -7.119  28.591  22.593 0.0000000000
83423  -6.388  28.490  22.410 0.0000000000
83424  -6.047  28.870  21.809 0.0000000000
83425  -5.850  28.218  22.051 0.0000000000
83427  -5.180  27.260  21.014 0.0000000000
96157  -13.547  32.253  23.805 0.0000000000
96158  -13.439  32.929  23.550 0.0000000000
96159  -13.575  32.437  23.063 0.0000000000
96160  -13.488  32.686  22.317 0.0000000000
96161  -13.328  32.867  21.584 0.0000000000
96162  -13.190  33.056  20.846 0.0000000000
96163  -13.145  32.423  21.140 0.0000000000
96164  -12.876  32.047  20.702 0.0000000000
96165  -12.385  31.730  20.432 0.0000000000
96166  -11.808  31.523  20.168 0.0000000000
96167  -12.208  31.164  20.764 0.0000000000
96168  -11.988  30.648  21.103 0.0000000000
96169  -11.762  30.115  21.414 0.0000000000
100480  -12.493  30.539  28.056 0.0000000000
100481  -12.751  30.936  27.400 0.0000000000
100482  -12.975  31.252  26.710 0.0000000000
100483  -13.142  30.523  26.953 0.0000000000
100484  -13.448  30.056  26.460 0.0000000000
109940  -8.677  31.475  19.803 0.0000000000
109941  -8.241  32.081  19.339 0.0000000000
109942  -7.748  31.654  19.841 0.0000000000
109943  -6.915  31.724  19.799 0.0000000000
109944  -6.223  31.574  19.583 0.0000000000
109945  -5.694  31.254  19.203 0.0000000000
109946  -5.891  30.953  19.920 0.0000000000
109947  -5.671  30.173  20.202 0.0000000000
109948  -5.531  29.424  20.397 0.0000000000
124525  -12.325  34.062  25.645 0.0000000000
124530  -13.325  33.628  23.247 0.0000000000
124540  -13.054  33.339  20.087 0.0000000000
124545  -10.698  33.158  18.209 0.0000000000
124546  -9.921  33.163  18.138 0.0000000000
124547  -10.438  32.704  18.569 0.0000000000
124548  -10.204  32.283  18.930 0.0000000000
124549  -9.964  31.898  19.330 0.0000000000
124550  -11.187  31.426  19.935 0.0000000000
124551  -10.425  31.381  19.818 0.0000000000
124552  -9.577  31.391  19.785 0.0000000000
124553  -9.126  30.952  20.269 0.0000000000
124554  -8.684  30.526  20.772 0.0000000000
124555  -8.279  30.090  21.280 0.0000000000
134040  -10.769  32.269  29.016 0.0000000000
134041  -11.470  31.205  28.809 0.0000000000
134042  -11.304  31.968  28.582 0.0000000000
134043  -11.106  32.721  28.371 0.0000000000
134044  -11.413  33.149  27.724 0.0000000000
134045  -11.774  33.475  27.036 0.0000000000
134046  -12.059  33.784  26.354 0.0000000000
134047  -12.515  33.373  25.918 0.0000000000
134048  -12.939  32.963  25.476 0.0000000000
134049  -13.257  32.515  25.039 0.0000000000
134050  -13.193  31.542  26.000 0.0000000000
134051  -13.395  31.836  25.285 0.0000000000
134052  -13.497  32.054  24.551 0.0000000000
134053  -13.606  31.577  24.039 0.0000000000
134054  -13.567  31.108  23.506 0.0000000000
153318  -9.173  33.287  18.061 0.0000000000
153321  -7.742  32.606  18.892 0.0000000000
153322  -7.328  33.088  18.411 0.0000000000
153323  -6.909  33.532  17.892 0.0000000000
153330  -5.268  30.694  18.749 0.0000000000
153337  -12.189  29.689  21.994 0.0000000000
153338  -11.463  29.567  21.744 0.0000000000
153342  -9.778  29.473  21.600 0.0000000000
153343  -8.840  29.545  21.678 0.0000000000
153344  -7.926  29.621  21.793 0.0000000000
153351  -7.986  28.594  22.608 0.0000000000
153352  -7.465  29.131  22.207 0.0000000000
153353  -7.029  29.641  21.764 0.0000000000
153354  -6.291  29.511  21.560 0.0000000000
153355  -5.779  29.171  21.090 0.0000000000
153356  -5.413  28.680  20.552 0.0000000000
153357  -5.480  27.793  21.555 0.0000000000
153358  -5.297  27.955  20.754 0.0000000000
202  -30.196  14.614  -8.279 0.0000000000
682  -27.273  18.922  -6.431 0.0000000000
2601  -29.165  19.181  -4.910 0.0000000000
3483  -32.123  14.675  -6.976 0.0000000000
3484  -35.033  12.146  -7.522 0.0000000000
3485  -33.334  12.338  -8.550 0.0000000000
3486  -34.012  9.681  -9.899 0.0000000000
5834  -32.913  17.561  -4.953 0.0000000000
5835  -30.702  17.001  -5.760 0.0000000000
5836  -28.679  16.692  -7.095 0.0000000000
10281  -27.019  21.330  -5.148 0.0000000000
11163  -31.099  14.564  -7.535 0.0000000000
11164  -32.815  13.464  -7.765 0.0000000000
11165  -31.864  13.487  -8.317 0.0000000000
11166  -32.588  12.424  -9.147 0.0000000000
11167  -31.032  13.577  -9.070 0.0000000000
13563  -28.143  19.033  -5.591 0.0000000000
13564  -29.943  18.095  -5.293 0.0000000000
13565  -28.851  17.865  -5.912 0.0000000000
13566  -29.568  16.760  -6.284 0.0000000000
13567  -27.927  17.788  -6.713 0.0000000000
23114  -28.490  20.318  -4.564 0.0000000000
23115  -27.519  20.222  -5.342 0.0000000000
23116  -26.735  20.118  -6.237 0.0000000000
24701  -33.375  14.777  -6.652 0.0000000000
24702  -34.843  13.538  -6.942 0.0000000000
24703  -33.829  13.514  -7.321 0.0000000000
24704  -34.212  12.266  -7.993 0.0000000000
24705  -34.413  10.960  -8.605 0.0000000000
24707  -33.768  11.052  -9.282 0.0000000000
24708  -33.068  11.271  -9.927 0.0000000000
28972  -33.770  16.327  -5.616 0.0000000000
28973  -31.048  18.490  -4.882 0.0000000000
28974  -31.900  17.318  -5.419 0.0000000000
28975  -32.693  16.090  -5.996 0.0000000000
28976  -31.446  15.789  -6.335 0.0000000000
28977  -30.356  15.626  -6.845 0.0000000000
28978  -29.416  15.658  -7.636 0.0000000000
39753  -27.068  18.229  -7.556 0.0000000000
39754  -27.727  17.110  -7.909 0.0000000000
39755  -28.410  16.091  -8.359 0.0000000000
41883  -30.619  14.584  -7.888 0.0000000000
41884  -31.498  14.016  -7.908 0.0000000000
41885  -31.026  14.048  -8.258 0.0000000000
41886  -31.429  13.519  -8.657 0.0000000000
41887  -30.629  14.090  -8.655 0.0000000000
44283  -27.710  18.961  -5.983 0.0000000000
44284  -28.516  18.428  -5.709 0.0000000000
44285  -28.009  18.395  -6.132 0.0000000000
44286  -28.340  17.828  -6.289 0.0000000000
44287  -27.570  18.368  -6.560 0.0000000000
53881  -28.976  20.420  -4.247 0.0000000000
53882  -28.157  20.841  -4.413 0.0000000000
53884  -27.235  20.770  -5.238 0.0000000000
53885  -26.882  20.757  -5.701 0.0000000000
53886  -27.113  20.162  -5.796 0.0000000000
53887  -26.550  20.741  -6.174 0.0000000000
56528  -32.727  14.736  -6.794 0.0000000000
56529  -33.608  14.186  -6.969 0.0000000000
56530  -33.029  14.133  -7.139 0.0000000000
56531  -33.086  12.881  -8.157 0.0000000000
56532  -33.561  12.879  -7.890 0.0000000000
56533  -33.759  12.301  -8.258 0.0000000000
56534  -34.324  11.641  -8.306 0.0000000000
56535  -33.929  11.705  -8.619 0.0000000000
56536  -34.071  11.008  -8.925 0.0000000000
56537  -33.582  11.709  -8.933 0.0000000000
56538  -32.178  12.477  -9.529 0.0000000000
56539  -32.840  11.874  -9.537 0.0000000000
63726  -34.212  16.286  -5.249 0.0000000000
63727  -33.372  16.928  -5.264 0.0000000000
63728  -29.699  19.351  -4.666 0.0000000000
63729  -30.644  19.014  -4.666 0.0000000000
63730  -30.094  18.817  -4.866 0.0000000000
63731  -30.323  17.564  -5.515 0.0000000000
63732  -30.912  17.722  -5.333 0.0000000000
63733  -31.323  17.162  -5.580 0.0000000000
63734  -32.330  16.721  -5.702 0.0000000000
63735  -31.696  16.563  -5.854 0.0000000000
63736  -32.056  15.938  -6.154 0.0000000000
63737  -31.093  16.377  -6.033 0.0000000000
63738  -29.102  16.702  -6.664 0.0000000000
63739  -29.936  16.206  -6.544 0.0000000000
63740  -29.493  16.148  -6.920 0.0000000000
63741  -29.860  15.620  -7.207 0.0000000000
63742  -29.034  16.164  -7.337 0.0000000000
71671  -34.911  12.874  -7.240 0.0000000000
89138  -26.799  18.837  -7.434 0.0000000000
89141  -26.995  17.911  -8.233 0.0000000000
89143  -28.066  16.594  -8.123 0.0000000000
92233  -27.417  21.333  -4.681 0.0000000000
93821  -31.621  14.572  -7.234 0.0000000000
93822  -32.509  14.068  -7.369 0.0000000000
93823  -32.003  14.012  -7.612 0.0000000000
93824  -32.333  13.466  -8.036 0.0000000000
93825  -32.641  12.949  -8.418 0.0000000000
93826  -32.933  12.377  -8.823 0.0000000000
93827  -32.214  12.965  -8.735 0.0000000000
93828  -31.827  13.005  -9.101 0.0000000000
93829  -31.423  13.063  -9.498 0.0000000000
98140  -32.491  18.116  -4.669 0.0000000000
98141  -28.581  19.087  -5.220 0.0000000000
98142  -29.543  18.624  -5.103 0.0000000000
98143  -29.004  18.489  -5.359 0.0000000000
98144  -29.389  17.924  -5.543 0.0000000000
98145  -29.728  17.390  -5.773 0.0000000000
98146  -30.120  16.824  -6.002 0.0000000000
98147  -29.207  17.313  -6.082 0.0000000000
98148  -28.723  17.245  -6.448 0.0000000000
98149  -28.305  17.231  -6.892 0.0000000000
102920  -33.740  9.786  -10.302 0.0000000000
115371  -29.321  19.899  -4.455 0.0000000000
115372  -28.814  19.747  -4.727 0.0000000000
115373  -27.698  20.780  -4.782 0.0000000000
115374  -27.987  20.221  -4.900 0.0000000000
115375  -28.282  19.654  -5.042 0.0000000000
115376  -27.805  19.632  -5.477 0.0000000000
115377  -27.388  19.562  -5.891 0.0000000000
115378  -26.990  19.506  -6.327 0.0000000000
119075  -33.988  14.858  -6.470 0.0000000000
119076  -34.736  14.211  -6.613 0.0000000000
119077  -34.206  14.194  -6.807 0.0000000000
119078  -34.351  13.554  -7.156 0.0000000000
119079  -34.482  12.859  -7.453 0.0000000000
119080  -33.347  13.462  -7.539 0.0000000000
119081  -34.027  12.864  -7.662 0.0000000000
119082  -34.620  12.209  -7.748 0.0000000000
119083  -34.740  11.562  -8.034 0.0000000000
119084  -34.762  10.860  -8.298 0.0000000000
119085  -34.805  10.116  -8.581 0.0000000000
119087  -34.488  10.239  -8.903 0.0000000000
119088  -34.181  10.322  -9.257 0.0000000000
119089  -33.893  10.387  -9.582 0.0000000000
119090  -33.205  11.765  -9.226 0.0000000000
119091  -33.404  11.156  -9.576 0.0000000000
119092  -33.575  10.498  -9.938 0.0000000000
119093  -33.278  10.612  -10.311 0.0000000000
129106  -34.150  15.674  -5.943 0.0000000000
129108  -31.616  18.594  -4.695 0.0000000000
129109  -31.995  18.076  -4.936 0.0000000000
129110  -30.500  18.271  -5.090 0.0000000000
129111  -31.465  17.914  -5.143 0.0000000000
129112  -32.429  17.487  -5.210 0.0000000000
129113  -32.863  16.881  -5.513 0.0000000000
129114  -33.295  16.233  -5.838 0.0000000000
129115  -33.710  15.525  -6.153 0.0000000000
129116  -33.048  15.433  -6.318 0.0000000000
129117  -32.420  15.304  -6.487 0.0000000000
129118  -31.789  15.225  -6.649 0.0000000000
129119  -30.512  16.255  -6.256 0.0000000000
129120  -30.889  15.691  -6.542 0.0000000000
129121  -31.216  15.130  -6.898 0.0000000000
129122  -30.742  15.082  -7.176 0.0000000000
129123  -30.224  15.114  -7.543 0.0000000000
129124  -29.800  15.142  -7.954 0.0000000000
160215  -27.142  18.577  -6.979 0.0000000000
160216  -27.423  18.026  -7.119 0.0000000000
160217  -27.780  17.470  -7.293 0.0000000000
160218  -26.735  18.524  -8.098 0.0000000000
160219  -27.380  17.654  -7.717 0.0000000000
160220  -28.158  16.912  -7.486 0.0000000000
160221  -28.526  16.386  -7.707 0.0000000000
160222  -28.897  15.887  -7.985 0.0000000000
160223  -29.285  15.366  -8.275 0.0000000000
160250  -29.693  14.848  -8.600 0.0000000000
160251  -30.132  14.344  -8.961 0.0000000000
160252  -30.526  13.827  -9.345 0.0000000000
