#!ascii label , from subject templates vox2ras=TkReg
508
1479  7.766  32.762  19.901 0.0000000000
2209  14.389  32.336  21.084 0.0000000000
3425  6.110  30.303  21.605 0.0000000000
3426  8.670  31.082  21.734 0.0000000000
4887  15.116  34.885  20.895 0.0000000000
4888  13.996  33.457  18.883 0.0000000000
7292  6.007  31.137  19.021 0.0000000000
7293  7.039  34.280  17.840 0.0000000000
9191  12.446  30.420  21.868 0.0000000000
9192  11.728  31.990  19.908 0.0000000000
9193  11.034  33.412  18.050 0.0000000000
11105  7.709  30.119  22.823 0.0000000000
11106  9.330  30.064  22.541 0.0000000000
16037  6.503  31.778  20.984 0.0000000000
16038  5.912  30.795  20.356 0.0000000000
16039  6.228  32.348  19.746 0.0000000000
16040  6.127  32.809  18.475 0.0000000000
16041  7.389  33.500  18.898 0.0000000000
20418  14.970  32.976  22.219 0.0000000000
20419  15.017  32.398  23.436 0.0000000000
20420  14.547  31.694  22.270 0.0000000000
20421  13.842  30.636  22.463 0.0000000000
20422  13.535  31.310  21.416 0.0000000000
20423  12.039  31.230  20.886 0.0000000000
20424  13.247  31.976  20.391 0.0000000000
20425  13.843  34.077  17.806 0.0000000000
20426  12.748  33.259  18.281 0.0000000000
23512  7.098  30.360  17.223 0.0000000000
24599  7.047  31.009  21.962 0.0000000000
24600  8.206  31.994  20.878 0.0000000000
27228  15.081  34.311  22.172 0.0000000000
27229  14.931  33.541  21.000 0.0000000000
27230  14.241  32.916  19.979 0.0000000000
27231  14.876  34.054  19.763 0.0000000000
32410  5.907  29.133  20.940 0.0000000000
32411  6.075  29.520  19.676 0.0000000000
32412  6.492  29.933  18.380 0.0000000000
32413  6.242  31.481  17.664 0.0000000000
32414  6.100  33.343  17.266 0.0000000000
37808  11.895  28.878  23.366 0.0000000000
37816  12.905  29.672  22.850 0.0000000000
37817  11.229  29.688  22.538 0.0000000000
37818  10.668  30.613  21.676 0.0000000000
37819  10.203  31.536  20.795 0.0000000000
37820  9.799  32.329  19.934 0.0000000000
37821  13.006  32.613  19.301 0.0000000000
37822  11.349  32.691  18.997 0.0000000000
37823  9.463  33.121  19.000 0.0000000000
37824  9.157  33.847  18.032 0.0000000000
41825  8.876  29.609  23.093 0.0000000000
41826  9.719  29.513  22.914 0.0000000000
46757  7.025  32.347  20.482 0.0000000000
46758  6.348  32.059  20.371 0.0000000000
46759  6.792  32.713  19.933 0.0000000000
46760  6.707  32.992  19.354 0.0000000000
46761  7.565  33.141  19.410 0.0000000000
51138  14.758  32.611  21.630 0.0000000000
51139  14.826  32.311  22.217 0.0000000000
51140  14.472  32.007  21.684 0.0000000000
51141  14.116  31.468  21.802 0.0000000000
51142  14.001  31.809  21.240 0.0000000000
51143  13.391  31.667  20.891 0.0000000000
51144  13.877  32.109  20.714 0.0000000000
54547  6.851  31.121  16.836 0.0000000000
56357  8.182  30.637  22.291 0.0000000000
56358  7.406  30.547  22.372 0.0000000000
56359  7.869  31.087  21.862 0.0000000000
56360  7.570  31.556  21.441 0.0000000000
56361  8.430  31.543  21.298 0.0000000000
60739  15.010  34.991  22.105 0.0000000000
60740  15.102  34.620  21.517 0.0000000000
60741  15.099  33.932  21.530 0.0000000000
60742  15.065  34.196  20.939 0.0000000000
60743  14.915  33.791  20.406 0.0000000000
60744  15.056  34.443  20.310 0.0000000000
71153  5.906  28.953  21.589 0.0000000000
71154  5.958  29.738  21.275 0.0000000000
71155  5.934  30.950  19.685 0.0000000000
71156  5.939  30.138  19.986 0.0000000000
71157  6.021  30.314  19.316 0.0000000000
71158  6.201  29.719  19.006 0.0000000000
71159  6.125  30.509  18.639 0.0000000000
71160  6.379  30.674  17.986 0.0000000000
71161  6.097  31.289  18.306 0.0000000000
71162  6.457  33.623  18.227 0.0000000000
71163  6.028  33.099  17.903 0.0000000000
71164  6.313  33.970  17.652 0.0000000000
84303  13.188  30.465  22.101 0.0000000000
84304  13.373  30.129  22.633 0.0000000000
84305  12.669  30.036  22.336 0.0000000000
84306  12.128  29.638  22.633 0.0000000000
84307  11.843  30.044  22.178 0.0000000000
84308  10.953  30.166  22.101 0.0000000000
84309  11.599  30.462  21.730 0.0000000000
84310  11.881  31.619  20.422 0.0000000000
84311  11.169  31.335  20.796 0.0000000000
84312  11.003  31.727  20.338 0.0000000000
84313  9.997  31.930  20.379 0.0000000000
84314  10.779  32.112  19.920 0.0000000000
84315  14.113  33.195  19.427 0.0000000000
84316  13.670  32.715  19.601 0.0000000000
84317  13.519  33.010  19.071 0.0000000000
84318  11.902  33.285  18.128 0.0000000000
84319  12.064  32.941  18.600 0.0000000000
84320  11.172  33.051  18.494 0.0000000000
84321  10.437  32.862  18.996 0.0000000000
84322  10.271  33.233  18.517 0.0000000000
84323  9.287  33.481  18.528 0.0000000000
84324  10.142  33.582  18.049 0.0000000000
93718  8.103  29.628  23.262 0.0000000000
93719  8.502  30.132  22.706 0.0000000000
93720  8.992  30.580  22.144 0.0000000000
102595  6.164  31.091  21.332 0.0000000000
102596  5.993  30.558  20.987 0.0000000000
102597  6.090  31.339  20.710 0.0000000000
102598  5.996  31.576  20.083 0.0000000000
102599  5.973  31.783  19.422 0.0000000000
102600  6.007  31.956  18.720 0.0000000000
102601  6.109  32.589  19.078 0.0000000000
102602  6.530  33.348  18.833 0.0000000000
102603  7.205  33.927  18.398 0.0000000000
110480  15.047  33.352  22.825 0.0000000000
110481  15.027  33.073  23.429 0.0000000000
110482  14.997  32.708  22.833 0.0000000000
110483  14.860  32.067  22.812 0.0000000000
110484  14.630  31.437  22.824 0.0000000000
110485  14.337  30.862  22.902 0.0000000000
110486  14.230  31.147  22.347 0.0000000000
110487  13.683  30.952  21.929 0.0000000000
110488  13.005  30.820  21.615 0.0000000000
110489  12.229  30.808  21.399 0.0000000000
110490  12.830  31.199  21.122 0.0000000000
110491  12.660  31.578  20.641 0.0000000000
110492  12.530  31.930  20.122 0.0000000000
110493  13.923  33.722  18.323 0.0000000000
110494  13.402  33.301  18.546 0.0000000000
110495  13.312  33.634  18.021 0.0000000000
110496  12.576  33.586  17.798 0.0000000000
110497  11.760  33.627  17.646 0.0000000000
110498  10.903  33.777  17.564 0.0000000000
116302  7.336  29.625  17.637 0.0000000000
118838  6.724  30.324  22.350 0.0000000000
118839  6.482  30.699  21.827 0.0000000000
118840  6.789  31.379  21.454 0.0000000000
118841  7.294  31.951  20.981 0.0000000000
118842  7.941  32.402  20.398 0.0000000000
124972  15.040  34.033  22.809 0.0000000000
124973  15.063  33.641  22.199 0.0000000000
124974  14.960  33.266  21.599 0.0000000000
124975  14.717  32.926  21.048 0.0000000000
124976  14.306  32.637  20.559 0.0000000000
124977  14.656  33.198  20.465 0.0000000000
124978  14.608  33.450  19.859 0.0000000000
124979  14.501  33.708  19.302 0.0000000000
124980  15.049  34.705  19.692 0.0000000000
124981  14.813  34.318  19.182 0.0000000000
124982  14.422  33.988  18.741 0.0000000000
124983  14.393  34.299  18.160 0.0000000000
138483  7.099  28.670  18.605 0.0000000000
138487  5.921  29.966  20.635 0.0000000000
138488  5.960  29.349  20.288 0.0000000000
138489  6.135  28.767  19.972 0.0000000000
138490  6.306  28.930  19.382 0.0000000000
138491  6.636  29.167  18.799 0.0000000000
138492  6.959  29.399  18.192 0.0000000000
138493  6.781  30.123  17.750 0.0000000000
138494  6.587  30.848  17.354 0.0000000000
138495  6.396  31.695  17.037 0.0000000000
138496  5.984  32.131  18.054 0.0000000000
138497  6.124  32.388  17.436 0.0000000000
154410  13.976  30.296  23.035 0.0000000000
154413  12.406  29.261  23.091 0.0000000000
154414  11.564  29.276  22.966 0.0000000000
154415  10.652  29.342  22.926 0.0000000000
154416  10.330  29.826  22.506 0.0000000000
154417  9.984  30.348  22.107 0.0000000000
154418  9.659  30.835  21.703 0.0000000000
154419  11.360  30.884  21.266 0.0000000000
154420  10.405  31.105  21.225 0.0000000000
154421  9.427  31.321  21.266 0.0000000000
154422  9.210  31.778  20.835 0.0000000000
154423  8.986  32.185  20.407 0.0000000000
154424  8.810  32.566  19.933 0.0000000000
154425  13.777  32.417  20.163 0.0000000000
154426  13.146  32.280  19.836 0.0000000000
154427  12.416  32.282  19.567 0.0000000000
154428  12.844  32.934  18.796 0.0000000000
154429  12.238  32.604  19.081 0.0000000000
154430  11.531  32.339  19.477 0.0000000000
154431  10.607  32.484  19.476 0.0000000000
154432  9.640  32.714  19.474 0.0000000000
154433  8.645  32.958  19.460 0.0000000000
154434  8.423  33.345  18.988 0.0000000000
154435  8.209  33.748  18.527 0.0000000000
154436  8.069  34.152  17.988 0.0000000000
154438  8.977  34.270  17.524 0.0000000000
154439  7.919  34.540  17.484 0.0000000000
25  27.717  20.883  -8.495 0.0000000000
1957  29.844  18.064  -5.549 0.0000000000
2199  28.660  24.581  -7.149 0.0000000000
2200  29.151  21.995  -3.260 0.0000000000
4297  32.120  16.948  -4.799 0.0000000000
4298  33.121  14.883  -6.401 0.0000000000
4858  33.796  27.092  -8.385 0.0000000000
4859  32.173  26.142  -9.120 0.0000000000
4860  29.713  26.231  -6.523 0.0000000000
4861  28.236  23.486  -5.079 0.0000000000
4862  28.711  25.565  -4.366 0.0000000000
8467  28.404  19.381  -6.770 0.0000000000
9158  30.517  25.089  -9.710 0.0000000000
9159  27.985  22.858  -7.788 0.0000000000
9160  28.118  21.472  -5.804 0.0000000000
9161  29.402  19.975  -4.270 0.0000000000
9162  31.968  18.869  -3.534 0.0000000000
9163  29.027  24.063  -2.370 0.0000000000
9164  31.633  20.566  -2.306 0.0000000000
11977  33.466  16.459  -4.750 0.0000000000
11978  33.947  15.313  -5.527 0.0000000000
11979  35.322  14.781  -5.583 0.0000000000
12538  32.255  27.585  -7.042 0.0000000000
12539  31.509  26.936  -7.438 0.0000000000
12540  30.320  26.996  -6.146 0.0000000000
12541  29.059  26.009  -5.419 0.0000000000
12542  29.532  26.837  -5.024 0.0000000000
18652  29.041  18.693  -6.129 0.0000000000
18653  29.475  17.662  -6.652 0.0000000000
18654  30.386  17.087  -6.190 0.0000000000
20336  30.116  25.579  -8.072 0.0000000000
20337  31.347  25.611  -9.407 0.0000000000
20338  29.489  24.900  -8.409 0.0000000000
20339  28.882  24.272  -8.733 0.0000000000
20340  28.224  23.781  -7.486 0.0000000000
20341  27.882  22.214  -6.813 0.0000000000
20342  28.022  23.200  -6.440 0.0000000000
20343  28.511  22.803  -4.135 0.0000000000
20344  28.522  21.721  -4.550 0.0000000000
20345  29.289  20.963  -3.721 0.0000000000
20346  30.515  19.346  -3.762 0.0000000000
20347  30.383  20.386  -3.184 0.0000000000
20349  28.881  25.844  -2.894 0.0000000000
20350  29.075  24.949  -1.863 0.0000000000
20352  31.189  21.309  -1.650 0.0000000000
20353  33.040  19.582  -2.062 0.0000000000
26167  30.921  17.429  -5.102 0.0000000000
26168  31.376  16.467  -5.793 0.0000000000
26169  32.601  15.870  -5.552 0.0000000000
26170  34.420  14.267  -6.383 0.0000000000
27178  32.973  26.590  -8.752 0.0000000000
27179  30.775  26.266  -7.797 0.0000000000
27180  29.106  25.356  -6.808 0.0000000000
27181  28.270  24.136  -6.119 0.0000000000
27182  28.646  25.094  -5.783 0.0000000000
27183  28.429  24.572  -4.743 0.0000000000
27184  28.507  23.820  -3.764 0.0000000000
35677  27.990  20.164  -7.642 0.0000000000
35678  28.206  19.076  -8.025 0.0000000000
35682  31.978  15.494  -6.578 0.0000000000
37718  28.372  23.482  -9.048 0.0000000000
37719  27.806  21.894  -8.124 0.0000000000
37720  27.919  21.123  -7.191 0.0000000000
37721  28.275  20.349  -6.304 0.0000000000
37722  28.810  19.656  -5.521 0.0000000000
37723  28.129  22.534  -5.476 0.0000000000
37724  28.644  20.719  -5.010 0.0000000000
37725  29.629  18.999  -4.873 0.0000000000
37726  30.659  18.395  -4.386 0.0000000000
37727  32.019  17.896  -4.142 0.0000000000
37728  33.574  17.365  -4.140 0.0000000000
37729  29.046  26.509  -3.954 0.0000000000
37730  28.677  24.914  -3.349 0.0000000000
37731  29.041  23.023  -2.861 0.0000000000
37732  29.782  23.063  -1.550 0.0000000000
37733  29.997  22.273  -2.107 0.0000000000
37734  30.243  21.311  -2.642 0.0000000000
37735  31.870  19.768  -2.925 0.0000000000
37736  33.471  18.334  -3.502 0.0000000000
37737  35.029  16.795  -4.167 0.0000000000
42697  34.234  16.215  -4.810 0.0000000000
42698  34.406  15.642  -5.175 0.0000000000
43258  31.599  27.721  -6.361 0.0000000000
43259  31.232  27.346  -6.601 0.0000000000
43260  30.629  27.369  -5.942 0.0000000000
43261  29.894  26.954  -5.578 0.0000000000
43262  30.167  27.342  -5.378 0.0000000000
49372  29.408  18.381  -5.840 0.0000000000
49373  29.653  17.893  -6.118 0.0000000000
49374  30.108  17.569  -5.862 0.0000000000
51056  29.310  25.174  -7.632 0.0000000000
51057  29.790  25.244  -8.222 0.0000000000
51058  29.027  24.773  -7.775 0.0000000000
51059  28.741  24.384  -7.944 0.0000000000
51060  28.416  24.207  -7.304 0.0000000000
51061  28.079  23.524  -6.966 0.0000000000
51062  28.260  23.914  -6.793 0.0000000000
51063  28.730  22.388  -3.700 0.0000000000
51064  28.795  21.884  -3.889 0.0000000000
51065  29.203  21.501  -3.490 0.0000000000
51066  29.791  20.673  -3.426 0.0000000000
51067  29.744  21.123  -3.142 0.0000000000
58972  31.469  17.212  -4.940 0.0000000000
58973  31.726  16.676  -5.289 0.0000000000
58974  32.336  16.423  -5.172 0.0000000000
58976  34.183  14.778  -5.950 0.0000000000
58977  35.069  13.971  -6.387 0.0000000000
58978  35.239  13.458  -6.795 0.0000000000
60654  34.193  26.553  -9.266 0.0000000000
60655  33.367  26.844  -8.568 0.0000000000
60656  30.532  26.612  -6.982 0.0000000000
60657  31.124  26.619  -7.618 0.0000000000
60658  30.219  26.274  -7.189 0.0000000000
60659  29.874  25.865  -7.310 0.0000000000
60660  29.408  25.794  -6.675 0.0000000000
60661  28.813  25.234  -6.286 0.0000000000
60662  29.095  25.691  -6.138 0.0000000000
60663  28.859  25.818  -4.887 0.0000000000
60664  28.661  25.354  -5.083 0.0000000000
60665  28.571  25.085  -4.547 0.0000000000
60666  28.450  24.225  -4.233 0.0000000000
60667  28.541  24.740  -4.055 0.0000000000
78997  28.148  19.760  -7.189 0.0000000000
78998  28.273  19.264  -7.417 0.0000000000
78999  28.556  18.864  -7.030 0.0000000000
79005  32.194  15.672  -6.028 0.0000000000
79006  31.646  15.964  -6.177 0.0000000000
79007  32.504  15.183  -6.465 0.0000000000
84055  30.147  24.826  -9.864 0.0000000000
84056  28.329  23.636  -8.242 0.0000000000
84057  28.605  23.873  -8.918 0.0000000000
84058  28.144  23.194  -8.412 0.0000000000
84059  27.975  22.786  -8.553 0.0000000000
84060  27.854  22.393  -7.936 0.0000000000
84061  27.836  21.508  -7.646 0.0000000000
84062  27.816  22.041  -7.448 0.0000000000
84063  27.962  21.837  -6.280 0.0000000000
84064  27.950  21.291  -6.523 0.0000000000
84065  28.107  20.920  -6.064 0.0000000000
84066  28.495  19.993  -5.903 0.0000000000
84067  28.356  20.509  -5.610 0.0000000000
84068  28.215  23.820  -5.604 0.0000000000
84069  28.118  23.373  -5.791 0.0000000000
84070  28.157  22.980  -5.289 0.0000000000
84071  28.918  20.851  -4.381 0.0000000000
84072  28.574  21.231  -4.787 0.0000000000
84073  28.995  20.359  -4.639 0.0000000000
84074  29.089  19.832  -4.889 0.0000000000
84075  29.517  19.500  -4.583 0.0000000000
84076  30.108  18.681  -4.619 0.0000000000
84077  30.010  19.159  -4.301 0.0000000000
84078  31.206  19.099  -3.613 0.0000000000
84079  31.281  18.594  -3.899 0.0000000000
84080  31.991  18.403  -3.838 0.0000000000
84081  32.746  17.689  -4.125 0.0000000000
84082  32.784  18.125  -3.830 0.0000000000
84086  28.837  24.969  -2.587 0.0000000000
84087  28.753  25.413  -3.124 0.0000000000
84088  28.798  24.483  -2.845 0.0000000000
84089  28.768  23.973  -3.082 0.0000000000
84090  29.004  23.545  -2.622 0.0000000000
84092  29.630  23.491  -1.289 0.0000000000
84093  30.155  22.638  -1.253 0.0000000000
84094  31.423  20.961  -1.990 0.0000000000
84095  30.577  21.857  -1.849 0.0000000000
84096  30.769  21.413  -2.159 0.0000000000
84097  30.140  21.792  -2.369 0.0000000000
84098  30.915  20.966  -2.422 0.0000000000
84099  30.974  20.562  -2.723 0.0000000000
84100  31.763  20.162  -2.611 0.0000000000
84102  33.457  18.699  -3.146 0.0000000000
84104  34.243  17.597  -3.827 0.0000000000
95287  32.798  16.679  -4.732 0.0000000000
95288  33.009  16.164  -5.088 0.0000000000
95289  33.704  15.858  -5.124 0.0000000000
95290  34.655  15.024  -5.576 0.0000000000
96295  33.432  27.669  -7.494 0.0000000000
96296  32.995  27.386  -7.706 0.0000000000
96297  32.602  27.089  -7.902 0.0000000000
96298  31.879  27.263  -7.250 0.0000000000
96299  30.871  26.974  -6.793 0.0000000000
96300  29.986  26.593  -6.322 0.0000000000
96301  29.299  26.126  -5.955 0.0000000000
96302  29.619  26.555  -5.766 0.0000000000
96303  29.304  26.439  -5.219 0.0000000000
96304  29.018  26.256  -4.712 0.0000000000
107302  28.721  19.007  -6.434 0.0000000000
107303  28.880  18.495  -6.673 0.0000000000
107304  29.242  18.178  -6.368 0.0000000000
107305  29.911  17.398  -6.414 0.0000000000
107306  30.665  16.607  -6.538 0.0000000000
107307  34.024  14.109  -6.819 0.0000000000
110332  31.098  25.919  -8.576 0.0000000000
110333  31.741  25.875  -9.228 0.0000000000
110334  30.722  25.616  -8.715 0.0000000000
110335  30.373  25.360  -8.933 0.0000000000
110336  29.987  25.017  -9.046 0.0000000000
110337  29.621  24.738  -9.194 0.0000000000
110338  29.170  24.564  -8.548 0.0000000000
110339  28.507  24.041  -8.105 0.0000000000
110340  28.090  23.315  -7.638 0.0000000000
110341  27.899  22.538  -7.298 0.0000000000
110342  27.968  23.050  -7.144 0.0000000000
110343  27.957  22.710  -6.600 0.0000000000
110344  28.012  22.369  -6.087 0.0000000000
110345  28.336  23.146  -4.588 0.0000000000
110346  28.281  22.593  -4.766 0.0000000000
110347  28.501  22.258  -4.323 0.0000000000
110348  28.848  21.367  -4.135 0.0000000000
110349  29.355  20.471  -4.010 0.0000000000
110350  29.914  19.625  -3.979 0.0000000000
110351  29.867  20.134  -3.699 0.0000000000
110352  30.437  19.886  -3.468 0.0000000000
110353  31.128  19.623  -3.291 0.0000000000
110355  29.118  26.674  -3.197 0.0000000000
110356  29.045  26.284  -2.669 0.0000000000
110357  28.943  25.421  -2.362 0.0000000000
110358  29.026  24.525  -2.109 0.0000000000
110360  30.898  21.686  -1.304 0.0000000000
110362  32.097  20.427  -1.828 0.0000000000
110363  32.339  20.104  -2.202 0.0000000000
110364  32.508  19.755  -2.535 0.0000000000
122497  30.330  17.786  -5.256 0.0000000000
122498  30.587  17.267  -5.617 0.0000000000
122499  31.139  16.962  -5.432 0.0000000000
122500  31.957  16.176  -5.644 0.0000000000
122501  32.890  15.355  -5.965 0.0000000000
122502  33.220  15.646  -5.493 0.0000000000
122503  33.539  15.060  -5.945 0.0000000000
122504  33.782  14.586  -6.381 0.0000000000
122505  34.657  13.784  -6.814 0.0000000000
124855  32.191  26.784  -8.082 0.0000000000
124856  31.790  26.492  -8.255 0.0000000000
124857  31.470  26.236  -8.444 0.0000000000
124858  30.420  25.923  -7.922 0.0000000000
124859  29.562  25.501  -7.442 0.0000000000
124860  28.844  24.990  -6.973 0.0000000000
124861  28.424  24.345  -6.626 0.0000000000
124862  28.599  24.790  -6.455 0.0000000000
124863  28.436  24.583  -5.938 0.0000000000
124864  28.336  24.340  -5.420 0.0000000000
124865  28.840  25.541  -5.606 0.0000000000
124866  28.486  24.855  -5.262 0.0000000000
124867  28.296  24.014  -4.889 0.0000000000
124868  28.387  23.709  -4.414 0.0000000000
124869  28.510  23.304  -3.959 0.0000000000
124870  28.735  22.901  -3.491 0.0000000000
148027  27.843  20.536  -8.071 0.0000000000
148028  27.862  19.982  -8.231 0.0000000000
148029  28.070  19.605  -7.803 0.0000000000
148032  29.100  17.996  -6.962 0.0000000000
148038  30.864  16.772  -5.980 0.0000000000
148039  31.182  16.265  -6.357 0.0000000000
154114  29.305  24.446  -9.369 0.0000000000
154115  28.977  24.106  -9.506 0.0000000000
154118  27.823  22.273  -8.726 0.0000000000
154119  27.757  21.402  -8.314 0.0000000000
154120  27.835  21.031  -7.858 0.0000000000
154121  27.948  20.627  -7.404 0.0000000000
154122  28.123  20.242  -6.962 0.0000000000
154123  27.857  21.649  -6.978 0.0000000000
154124  28.054  20.754  -6.739 0.0000000000
154125  28.364  19.855  -6.549 0.0000000000
154126  28.644  19.471  -6.173 0.0000000000
154127  28.904  19.165  -5.835 0.0000000000
154128  29.304  18.833  -5.489 0.0000000000
154129  28.155  23.665  -6.290 0.0000000000
154130  28.031  22.934  -5.945 0.0000000000
154131  28.128  22.022  -5.625 0.0000000000
154132  28.286  22.118  -5.007 0.0000000000
154133  28.314  21.610  -5.202 0.0000000000
154134  28.355  21.075  -5.389 0.0000000000
154135  28.715  20.157  -5.236 0.0000000000
154136  29.206  19.322  -5.171 0.0000000000
154137  29.746  18.521  -5.185 0.0000000000
154138  30.243  18.200  -4.942 0.0000000000
154139  30.777  17.917  -4.734 0.0000000000
154140  31.363  17.681  -4.549 0.0000000000
154141  30.590  18.840  -4.062 0.0000000000
154142  31.326  18.111  -4.223 0.0000000000
154143  32.054  17.367  -4.436 0.0000000000
154144  32.714  17.216  -4.425 0.0000000000
154145  33.496  16.953  -4.439 0.0000000000
154146  34.292  16.644  -4.465 0.0000000000
154147  29.764  27.258  -4.798 0.0000000000
154148  29.249  26.690  -4.478 0.0000000000
154149  28.847  26.062  -4.159 0.0000000000
154150  28.911  26.278  -3.429 0.0000000000
154151  28.756  25.781  -3.646 0.0000000000
154152  28.640  25.270  -3.851 0.0000000000
154153  28.609  24.371  -3.560 0.0000000000
154154  28.696  23.420  -3.281 0.0000000000
154155  29.088  22.512  -3.043 0.0000000000
154156  29.252  24.394  -1.407 0.0000000000
154157  29.322  23.975  -1.670 0.0000000000
154158  29.365  23.601  -1.938 0.0000000000
154159  30.393  22.203  -1.546 0.0000000000
154160  29.898  22.700  -1.836 0.0000000000
154161  29.392  23.181  -2.192 0.0000000000
154162  29.481  22.644  -2.460 0.0000000000
154163  29.563  22.133  -2.690 0.0000000000
154164  29.654  21.641  -2.920 0.0000000000
154165  30.292  20.849  -2.897 0.0000000000
154166  31.084  20.086  -3.015 0.0000000000
154167  31.948  19.325  -3.236 0.0000000000
154168  32.651  19.413  -2.862 0.0000000000
154169  32.728  19.028  -3.196 0.0000000000
154170  32.763  18.636  -3.517 0.0000000000
154171  33.544  17.859  -3.837 0.0000000000
154172  34.305  17.121  -4.169 0.0000000000
160440  27.923  19.492  -8.504 0.0000000000
