000
001
002
004
005
006
007
008
009
010
011
012
013
014
015
016
018
019
020
022
023
024
026
027
028
030
032
033
034
035
036
037
038
040
041
042
044
045
046
047
048
049
050
051
052
053
054
055
056
057
058
059
060
062
064
065
066
067
068
069
070
071
072
073
074
075
076
077
078
080
081
083
084
085
086
087
088
089
090
091
094
095
099
100
101
102
103
104
105
106
107
109
110
111
112
113
114
116
119
120
122
124
125
127
130
131
132
137
138
140
141
143
144
145
147
149
152
155
159
160
164
165
166
167
169
173
174
175
176
177
179
180
181
186
188
190
192
194
200
202
203
206
207
208
209
210
211
215
218
220
221
223
224
225
232
233
238
240
243
244
247
250
252
253
261
266
